Cycle,Susceptible,Infected,Removed
0,10000,10,0
1,10000,10,0
2,10000,10,0
3,10000,9,1
4,10000,8,2
5,10000,7,3
6,10000,6,4
7,9999,7,4
8,9997,7,6
9,9997,6,7
10,9997,5,8
11,9997,5,8
12,9997,4,9
13,9997,4,9
14,9997,4,9
15,9997,4,9
16,9997,3,10
17,9997,3,10
18,9997,3,10
19,9997,2,11
20,9997,2,11
21,9997,2,11
22,9997,2,11
23,9997,2,11
24,9997,2,11
25,9997,1,12
26,9997,1,12
27,9997,1,12
28,9997,1,12
29,9997,1,12
30,9997,0,13
0,10000,10,0
1,10000,10,0
2,9999,10,1
3,9998,10,2
4,9998,9,3
5,9997,9,4
6,9997,8,5
7,9996,8,6
8,9995,9,6
9,9995,9,6
10,9995,9,6
11,9994,9,7
12,9994,9,7
13,9993,9,8
14,9993,9,8
15,9993,9,8
16,9993,8,9
17,9993,8,9
18,9991,10,9
19,9991,10,9
20,9991,8,11
21,9990,7,13
22,9990,7,13
23,9990,7,13
24,9990,5,15
25,9989,6,15
26,9989,5,16
27,9989,5,16
28,9989,5,16
29,9989,4,17
30,9989,3,18
31,9989,2,19
32,9989,2,19
33,9989,2,19
34,9989,1,20
35,9989,0,21
0,10000,10,0
1,10000,10,0
2,10000,10,0
3,9999,11,0
4,9998,12,0
5,9997,13,0
6,9997,13,0
7,9995,15,0
8,9994,14,2
9,9993,15,2
10,9993,15,2
11,9993,15,2
12,9993,12,5
13,9991,14,5
14,9991,12,7
15,9991,12,7
16,9991,12,7
17,9991,12,7
18,9989,13,8
19,9989,11,10
20,9989,10,11
21,9989,9,12
22,9989,9,12
23,9988,8,14
24,9988,7,15
25,9988,7,15
26,9988,7,15
27,9988,5,17
28,9988,5,17
29,9988,5,17
30,9987,6,17
31,9987,6,17
32,9986,6,18
33,9986,6,18
34,9986,4,20
35,9986,4,20
36,9986,3,21
37,9986,3,21
38,9986,2,22
39,9986,1,23
40,9986,1,23
41,9986,1,23
42,9986,1,23
43,9986,1,23
44,9986,1,23
45,9986,1,23
46,9986,1,23
47,9986,1,23
48,9986,1,23
49,9986,1,23
50,9986,1,23
51,9986,1,23
52,9986,1,23
53,9986,1,23
54,9986,1,23
55,9986,1,23
56,9986,1,23
57,9986,1,23
58,9986,1,23
59,9986,1,23
60,9986,1,23
61,9986,1,23
62,9986,1,23
63,9986,1,23
64,9986,1,23
65,9986,1,23
66,9986,0,24
0,10000,10,0
1,10000,10,0
2,10000,9,1
3,10000,9,1
4,9999,10,1
5,9998,10,2
6,9998,10,2
7,9998,10,2
8,9998,10,2
9,9998,10,2
10,9996,12,2
11,9995,13,2
12,9995,13,2
13,9995,13,2
14,9994,13,3
15,9994,12,4
16,9993,11,6
17,9992,12,6
18,9992,12,6
19,9992,11,7
20,9992,11,7
21,9992,11,7
22,9992,10,8
23,9992,10,8
24,9991,9,10
25,9991,8,11
26,9991,7,12
27,9991,5,14
28,9991,5,14
29,9991,5,14
30,9991,5,14
31,9991,5,14
32,9991,4,15
33,9990,5,15
34,9990,4,16
35,9990,4,16
36,9990,3,17
37,9990,3,17
38,9990,3,17
39,9990,3,17
40,9989,3,18
41,9989,3,18
42,9989,3,18
43,9989,3,18
44,9989,2,19
45,9989,2,19
46,9989,1,20
47,9989,1,20
48,9989,0,21
0,10000,10,0
1,10000,10,0
2,9999,10,1
3,9999,8,3
4,9999,8,3
5,9998,9,3
6,9998,9,3
7,9998,9,3
8,9998,9,3
9,9997,9,4
10,9997,8,5
11,9995,10,5
12,9994,11,5
13,9992,12,6
14,9991,12,7
15,9991,12,7
16,9991,12,7
17,9991,12,7
18,9990,11,9
19,9990,11,9
20,9990,11,9
21,9990,11,9
22,9990,11,9
23,9990,11,9
24,9988,13,9
25,9988,13,9
26,9987,14,9
27,9987,13,10
28,9983,15,12
29,9983,13,14
30,9983,12,15
31,9983,12,15
32,9983,12,15
33,9982,12,16
34,9981,13,16
35,9981,11,18
36,9981,10,19
37,9981,10,19
38,9980,10,20
39,9980,9,21
40,9979,10,21
41,9979,10,21
42,9978,11,21
43,9977,12,21
44,9976,12,22
45,9976,11,23
46,9976,10,24
47,9976,9,25
48,9976,8,26
49,9976,8,26
50,9976,7,27
51,9976,5,29
52,9976,5,29
53,9976,5,29
54,9976,5,29
55,9976,4,30
56,9976,3,31
57,9976,3,31
58,9976,3,31
59,9976,2,32
60,9976,2,32
61,9976,2,32
62,9975,2,33
63,9975,2,33
64,9975,2,33
65,9975,2,33
66,9974,3,33
67,9974,3,33
68,9973,4,33
69,9973,4,33
70,9973,4,33
71,9972,5,33
72,9971,5,34
73,9971,5,34
74,9971,5,34
75,9970,6,34
76,9970,6,34
77,9970,5,35
78,9970,5,35
79,9969,6,35
80,9967,7,36
81,9967,6,37
82,9967,6,37
83,9967,6,37
84,9967,5,38
85,9967,5,38
86,9967,5,38
87,9967,5,38
88,9967,5,38
89,9967,5,38
90,9967,5,38
91,9967,5,38
92,9967,5,38
93,9967,4,39
94,9967,3,40
95,9967,2,41
96,9967,1,42
97,9967,1,42
98,9967,1,42
99,9967,1,42
100,9967,1,42
101,9967,1,42
102,9967,1,42
103,9967,1,42
104,9967,0,43
0,10000,10,0
1,10000,10,0
2,10000,10,0
3,10000,10,0
4,9999,11,0
5,9999,9,2
6,9999,9,2
7,9998,10,2
8,9998,9,3
9,9998,7,5
10,9998,7,5
11,9998,6,6
12,9998,6,6
13,9998,6,6
14,9998,4,8
15,9998,4,8
16,9998,4,8
17,9998,2,10
18,9998,2,10
19,9998,2,10
20,9998,2,10
21,9998,2,10
22,9998,2,10
23,9998,2,10
24,9998,2,10
25,9998,2,10
26,9998,2,10
27,9998,2,10
28,9998,2,10
29,9998,2,10
30,9998,2,10
31,9998,2,10
32,9998,2,10
33,9998,2,10
34,9998,2,10
35,9997,3,10
36,9997,2,11
37,9997,2,11
38,9997,2,11
39,9997,2,11
40,9997,2,11
41,9997,2,11
42,9997,2,11
43,9997,2,11
44,9996,3,11
45,9996,3,11
46,9996,3,11
47,9996,3,11
48,9996,3,11
49,9996,2,12
50,9996,2,12
51,9996,2,12
52,9996,1,13
53,9996,1,13
54,9996,1,13
55,9996,1,13
56,9996,0,14
0,10000,10,0
1,10000,10,0
2,10000,9,1
3,10000,8,2
4,10000,7,3
5,10000,4,6
6,10000,4,6
7,10000,4,6
8,9999,5,6
9,9999,5,6
10,9999,5,6
11,9999,5,6
12,9999,5,6
13,9998,6,6
14,9998,5,7
15,9997,4,9
16,9997,4,9
17,9997,4,9
18,9997,3,10
19,9997,3,10
20,9997,2,11
21,9997,2,11
22,9997,1,12
23,9997,1,12
24,9997,1,12
25,9997,1,12
26,9997,1,12
27,9997,1,12
28,9997,1,12
29,9997,1,12
30,9997,1,12
31,9997,1,12
32,9997,1,12
33,9997,1,12
34,9997,1,12
35,9997,0,13
0,10000,10,0
1,10000,10,0
2,9999,11,0
3,9998,12,0
4,9998,11,1
5,9998,10,2
6,9998,9,3
7,9997,9,4
8,9997,8,5
9,9996,9,5
10,9996,9,5
11,9995,10,5
12,9995,9,6
13,9995,8,7
14,9995,8,7
15,9995,7,8
16,9995,7,8
17,9995,7,8
18,9995,6,9
19,9995,5,10
20,9995,5,10
21,9995,4,11
22,9995,4,11
23,9995,4,11
24,9995,4,11
25,9994,5,11
26,9993,5,12
27,9993,4,13
28,9993,4,13
29,9993,4,13
30,9993,4,13
31,9993,3,14
32,9993,3,14
33,9993,3,14
34,9993,3,14
35,9993,1,16
36,9993,1,16
37,9993,1,16
38,9993,1,16
39,9993,1,16
40,9993,1,16
41,9993,1,16
42,9993,1,16
43,9993,1,16
44,9993,1,16
45,9993,1,16
46,9992,1,17
47,9992,1,17
48,9992,1,17
49,9992,1,17
50,9992,1,17
51,9992,1,17
52,9992,1,17
53,9992,1,17
54,9992,1,17
55,9992,1,17
56,9992,1,17
57,9992,1,17
58,9992,1,17
59,9992,1,17
60,9992,1,17
61,9992,1,17
62,9992,0,18
0,10000,10,0
1,10000,10,0
2,10000,9,1
3,10000,9,1
4,9999,10,1
5,9999,9,2
6,9999,7,4
7,9999,7,4
8,9998,7,5
9,9998,7,5
10,9998,6,6
11,9998,5,7
12,9998,4,8
13,9998,4,8
14,9998,4,8
15,9998,4,8
16,9998,4,8
17,9998,4,8
18,9998,4,8
19,9998,4,8
20,9998,4,8
21,9998,3,9
22,9998,3,9
23,9998,3,9
24,9998,3,9
25,9998,3,9
26,9998,3,9
27,9998,3,9
28,9998,3,9
29,9997,4,9
30,9997,3,10
31,9997,3,10
32,9997,2,11
33,9997,2,11
34,9997,1,12
35,9997,1,12
36,9997,1,12
37,9997,1,12
38,9997,1,12
39,9997,1,12
40,9997,1,12
41,9997,1,12
42,9997,1,12
43,9997,1,12
44,9997,0,13
0,10000,10,0
1,10000,10,0
2,10000,10,0
3,10000,9,1
4,9999,9,2
5,9998,10,2
6,9998,9,3
7,9997,10,3
8,9997,10,3
9,9997,9,4
10,9997,9,4
11,9997,8,5
12,9996,7,7
13,9996,6,8
14,9996,6,8
15,9996,6,8
16,9996,6,8
17,9996,6,8
18,9996,5,9
19,9996,4,10
20,9996,4,10
21,9996,3,11
22,9996,3,11
23,9996,3,11
24,9996,3,11
25,9996,3,11
26,9996,2,12
27,9996,2,12
28,9996,2,12
29,9996,2,12
30,9996,2,12
31,9996,2,12
32,9996,2,12
33,9996,2,12
34,9996,2,12
35,9996,2,12
36,9996,2,12
37,9996,1,13
38,9996,1,13
39,9995,1,14
40,9995,1,14
41,9995,1,14
42,9995,1,14
43,9995,1,14
44,9995,1,14
45,9995,1,14
46,9995,1,14
47,9995,1,14
48,9995,1,14
49,9995,1,14
50,9995,1,14
51,9995,1,14
52,9995,1,14
53,9995,1,14
54,9995,1,14
55,9995,1,14
56,9995,1,14
57,9995,1,14
58,9995,1,14
59,9995,1,14
60,9995,1,14
61,9995,1,14
62,9995,1,14
63,9995,1,14
64,9995,0,15
0,10000,10,0
1,10000,10,0
2,10000,10,0
3,10000,10,0
4,10000,8,2
5,10000,7,3
6,10000,7,3
7,10000,6,4
8,10000,5,5
9,9999,6,5
10,9999,5,6
11,9999,5,6
12,9999,5,6
13,9999,5,6
14,9999,4,7
15,9999,4,7
16,9999,4,7
17,9999,4,7
18,9999,4,7
19,9999,4,7
20,9999,4,7
21,9999,4,7
22,9998,5,7
23,9998,3,9
24,9998,3,9
25,9998,3,9
26,9998,3,9
27,9998,3,9
28,9998,3,9
29,9998,3,9
30,9998,3,9
31,9997,4,9
32,9997,4,9
33,9997,3,10
34,9996,3,11
35,9995,4,11
36,9995,4,11
37,9995,3,12
38,9995,3,12
39,9995,3,12
40,9995,3,12
41,9995,3,12
42,9995,3,12
43,9995,3,12
44,9995,2,13
45,9995,2,13
46,9995,2,13
47,9995,1,14
48,9995,1,14
49,9995,1,14
50,9995,1,14
51,9995,1,14
52,9995,1,14
53,9995,1,14
54,9995,1,14
55,9995,1,14
56,9994,2,14
57,9994,2,14
58,9994,2,14
59,9994,2,14
60,9994,1,15
61,9994,1,15
62,9994,1,15
63,9994,1,15
64,9994,1,15
65,9994,1,15
66,9994,1,15
67,9994,1,15
68,9994,0,16
0,10000,10,0
1,10000,10,0
2,10000,9,1
3,9999,9,2
4,9999,8,3
5,9999,7,4
6,9999,6,5
7,9999,5,6
8,9999,5,6
9,9999,4,7
10,9998,4,8
11,9998,3,9
12,9998,3,9
13,9998,3,9
14,9998,3,9
15,9998,3,9
16,9998,3,9
17,9998,2,10
18,9998,2,10
19,9998,2,10
20,9998,2,10
21,9998,2,10
22,9998,2,10
23,9998,2,10
24,9998,2,10
25,9998,2,10
26,9998,2,10
27,9998,2,10
28,9998,2,10
29,9998,2,10
30,9998,2,10
31,9998,2,10
32,9998,2,10
33,9998,2,10
34,9998,1,11
35,9998,1,11
36,9998,1,11
37,9998,0,12
0,10000,10,0
1,10000,10,0
2,10000,10,0
3,10000,10,0
4,10000,8,2
5,10000,8,2
6,10000,8,2
7,10000,8,2
8,10000,7,3
9,10000,7,3
10,10000,7,3
11,10000,7,3
12,9999,7,4
13,9999,7,4
14,9999,6,5
15,9999,3,8
16,9999,3,8
17,9998,4,8
18,9998,3,9
19,9998,3,9
20,9998,2,10
21,9998,2,10
22,9998,2,10
23,9998,1,11
24,9998,1,11
25,9998,1,11
26,9998,1,11
27,9998,1,11
28,9998,1,11
29,9998,1,11
30,9998,1,11
31,9997,2,11
32,9997,2,11
33,9997,2,11
34,9997,2,11
35,9997,2,11
36,9997,2,11
37,9997,2,11
38,9997,2,11
39,9996,3,11
40,9996,3,11
41,9996,3,11
42,9995,4,11
43,9995,4,11
44,9995,4,11
45,9995,4,11
46,9995,4,11
47,9994,5,11
48,9994,4,12
49,9994,4,12
50,9994,4,12
51,9994,4,12
52,9994,4,12
53,9994,3,13
54,9994,3,13
55,9994,3,13
56,9994,3,13
57,9994,2,14
58,9994,2,14
59,9994,2,14
60,9994,2,14
61,9994,2,14
62,9994,1,15
63,9994,1,15
64,9994,0,16
0,10000,10,0
1,10000,10,0
2,10000,10,0
3,10000,9,1
4,10000,9,1
5,9999,10,1
6,9999,9,2
7,9999,8,3
8,9999,8,3
9,9999,7,4
10,9999,6,5
11,9999,5,6
12,9999,4,7
13,9999,3,8
14,9999,3,8
15,9999,3,8
16,9999,3,8
17,9999,2,9
18,9999,2,9
19,9998,3,9
20,9998,3,9
21,9998,2,10
22,9997,3,10
23,9997,3,10
24,9997,3,10
25,9997,3,10
26,9997,2,11
27,9997,2,11
28,9997,1,12
29,9997,1,12
30,9997,1,12
31,9997,1,12
32,9997,1,12
33,9997,1,12
34,9997,1,12
35,9996,1,13
36,9996,1,13
37,9996,1,13
38,9996,1,13
39,9996,1,13
40,9996,1,13
41,9996,0,14
0,10000,10,0
1,10000,10,0
2,10000,9,1
3,9999,9,2
4,9999,9,2
5,9999,9,2
6,9998,9,3
7,9997,10,3
8,9997,10,3
9,9997,7,6
10,9997,5,8
11,9997,5,8
12,9997,5,8
13,9997,4,9
14,9997,3,10
15,9997,3,10
16,9997,3,10
17,9997,3,10
18,9997,3,10
19,9997,3,10
20,9996,4,10
21,9996,4,10
22,9996,4,10
23,9996,4,10
24,9996,3,11
25,9996,2,12
26,9996,2,12
27,9996,2,12
28,9996,2,12
29,9996,2,12
30,9996,2,12
31,9996,2,12
32,9995,3,12
33,9995,3,12
34,9995,3,12
35,9995,3,12
36,9995,3,12
37,9995,3,12
38,9995,3,12
39,9995,3,12
40,9995,2,13
41,9995,2,13
42,9995,1,14
43,9995,1,14
44,9995,1,14
45,9995,1,14
46,9994,2,14
47,9994,2,14
48,9994,2,14
49,9994,2,14
50,9994,1,15
51,9994,1,15
52,9994,1,15
53,9994,1,15
54,9994,1,15
55,9994,1,15
56,9994,1,15
57,9994,1,15
58,9994,1,15
59,9994,1,15
60,9994,1,15
61,9994,0,16
0,10000,10,0
1,10000,10,0
2,10000,10,0
3,10000,9,1
4,9999,10,1
5,9999,7,4
6,9998,8,4
7,9998,8,4
8,9998,6,6
9,9998,6,6
10,9998,6,6
11,9998,6,6
12,9998,5,7
13,9998,4,8
14,9998,3,9
15,9998,3,9
16,9998,2,10
17,9998,2,10
18,9998,2,10
19,9998,2,10
20,9998,1,11
21,9998,1,11
22,9997,1,12
23,9997,1,12
24,9997,1,12
25,9997,1,12
26,9997,1,12
27,9997,1,12
28,9997,1,12
29,9997,1,12
30,9997,1,12
31,9996,2,12
32,9996,2,12
33,9996,2,12
34,9996,2,12
35,9996,2,12
36,9996,2,12
37,9996,2,12
38,9996,1,13
39,9996,1,13
40,9996,1,13
41,9996,1,13
42,9996,0,14
0,10000,10,0
1,10000,10,0
2,9999,11,0
3,9999,10,1
4,9999,10,1
5,9998,10,2
6,9998,10,2
7,9998,9,3
8,9998,8,4
9,9997,9,4
10,9997,9,4
11,9997,9,4
12,9997,9,4
13,9996,10,4
14,9996,8,6
15,9996,8,6
16,9996,8,6
17,9995,9,6
18,9995,7,8
19,9995,7,8
20,9994,8,8
21,9994,7,9
22,9994,7,9
23,9993,8,9
24,9993,7,10
25,9993,6,11
26,9991,8,11
27,9991,8,11
28,9991,7,12
29,9991,6,13
30,9991,6,13
31,9991,5,14
32,9991,5,14
33,9991,5,14
34,9991,5,14
35,9991,5,14
36,9991,5,14
37,9991,5,14
38,9991,5,14
39,9991,5,14
40,9990,6,14
41,9990,6,14
42,9990,5,15
43,9990,5,15
44,9990,5,15
45,9990,5,15
46,9990,5,15
47,9990,5,15
48,9990,5,15
49,9990,3,17
50,9990,3,17
51,9990,3,17
52,9990,3,17
53,9990,2,18
54,9990,2,18
55,9990,2,18
56,9990,2,18
57,9990,1,19
58,9990,1,19
59,9990,1,19
60,9990,1,19
61,9990,1,19
62,9990,1,19
63,9989,1,20
64,9989,1,20
65,9989,1,20
66,9989,1,20
67,9989,1,20
68,9989,1,20
69,9989,1,20
70,9989,1,20
71,9989,1,20
72,9989,1,20
73,9989,0,21
0,10000,10,0
1,10000,10,0
2,9999,11,0
3,9999,11,0
4,9999,11,0
5,9998,11,1
6,9998,9,3
7,9998,7,5
8,9998,7,5
9,9998,6,6
10,9998,5,7
11,9998,5,7
12,9998,5,7
13,9998,5,7
14,9998,5,7
15,9997,5,8
16,9997,4,9
17,9997,4,9
18,9997,1,12
19,9997,1,12
20,9997,1,12
21,9997,1,12
22,9996,2,12
23,9996,2,12
24,9996,1,13
25,9996,1,13
26,9996,1,13
27,9996,1,13
28,9996,1,13
29,9996,1,13
30,9996,1,13
31,9996,1,13
32,9996,1,13
33,9996,1,13
34,9996,1,13
35,9996,1,13
36,9996,1,13
37,9996,1,13
38,9996,1,13
39,9996,1,13
40,9996,1,13
41,9996,1,13
42,9996,1,13
43,9996,1,13
44,9996,1,13
45,9996,1,13
46,9996,1,13
47,9996,1,13
48,9996,1,13
49,9996,1,13
50,9996,1,13
51,9996,1,13
52,9996,1,13
53,9996,1,13
54,9996,1,13
55,9996,1,13
56,9995,1,14
57,9995,1,14
58,9995,1,14
59,9995,1,14
60,9995,1,14
61,9995,1,14
62,9995,1,14
63,9995,1,14
64,9995,1,14
65,9995,1,14
66,9995,1,14
67,9995,1,14
68,9995,1,14
69,9995,1,14
70,9995,1,14
71,9995,1,14
72,9995,1,14
73,9995,1,14
74,9995,0,15
0,10000,10,0
1,10000,10,0
2,9999,11,0
3,9999,9,2
4,9999,9,2
5,9999,8,3
6,9999,7,4
7,9998,8,4
8,9998,8,4
9,9998,7,5
10,9997,7,6
11,9997,7,6
12,9997,7,6
13,9997,6,7
14,9997,5,8
15,9997,5,8
16,9996,6,8
17,9995,7,8
18,9995,7,8
19,9995,7,8
20,9995,7,8
21,9995,5,10
22,9994,6,10
23,9994,4,12
24,9994,4,12
25,9994,4,12
26,9994,4,12
27,9994,3,13
28,9994,2,14
29,9994,2,14
30,9994,2,14
31,9994,2,14
32,9994,2,14
33,9994,1,15
34,9994,1,15
35,9994,1,15
36,9994,1,15
37,9994,1,15
38,9994,1,15
39,9994,1,15
40,9994,1,15
41,9994,1,15
42,9994,1,15
43,9994,1,15
44,9994,1,15
45,9994,0,16
0,10000,10,0
1,10000,10,0
2,10000,10,0
3,9999,8,3
4,9999,7,4
5,9999,7,4
6,9999,6,5
7,9999,6,5
8,9999,5,6
9,9999,5,6
10,9999,5,6
11,9999,5,6
12,9999,5,6
13,9999,5,6
14,9999,5,6
15,9998,6,6
16,9997,6,7
17,9997,5,8
18,9997,4,9
19,9997,4,9
20,9997,4,9
21,9997,4,9
22,9997,4,9
23,9996,4,10
24,9996,4,10
25,9996,4,10
26,9996,4,10
27,9995,4,11
28,9995,3,12
29,9995,3,12
30,9995,3,12
31,9995,2,13
32,9995,1,14
33,9995,1,14
34,9995,1,14
35,9994,2,14
36,9994,2,14
37,9994,2,14
38,9994,2,14
39,9994,2,14
40,9994,2,14
41,9994,2,14
42,9994,2,14
43,9994,2,14
44,9994,2,14
45,9994,2,14
46,9994,2,14
47,9993,3,14
48,9993,3,14
49,9992,4,14
50,9992,4,14
51,9992,3,15
52,9992,2,16
53,9992,2,16
54,9992,2,16
55,9992,2,16
56,9992,2,16
57,9992,2,16
58,9991,3,16
59,9991,3,16
60,9991,3,16
61,9990,4,16
62,9990,4,16
63,9990,4,16
64,9990,3,17
65,9990,2,18
66,9990,2,18
67,9990,2,18
68,9990,2,18
69,9990,2,18
70,9990,2,18
71,9990,2,18
72,9990,2,18
73,9990,2,18
74,9989,3,18
75,9989,2,19
76,9989,2,19
77,9989,2,19
78,9989,2,19
79,9989,2,19
80,9989,1,20
81,9989,1,20
82,9989,1,20
83,9989,1,20
84,9989,1,20
85,9989,1,20
86,9989,1,20
87,9989,1,20
88,9989,1,20
89,9989,1,20
90,9989,1,20
91,9989,1,20
92,9989,1,20
93,9989,1,20
94,9989,1,20
95,9989,1,20
96,9989,1,20
97,9989,1,20
98,9989,1,20
99,9989,1,20
100,9989,1,20
101,9989,1,20
102,9989,1,20
103,9989,1,20
104,9989,1,20
105,9989,1,20
106,9989,1,20
107,9989,1,20
108,9989,0,21
0,10000,10,0
1,10000,10,0
2,10000,10,0
3,9999,9,2
4,9999,9,2
5,9999,9,2
6,9999,9,2
7,9999,8,3
8,9998,8,4
9,9997,7,6
10,9997,7,6
11,9996,7,7
12,9996,7,7
13,9994,9,7
14,9994,9,7
15,9993,10,7
16,9992,10,8
17,9991,10,9
18,9991,9,10
19,9991,8,11
20,9991,8,11
21,9991,8,11
22,9989,9,12
23,9989,9,12
24,9988,10,12
25,9988,10,12
26,9988,10,12
27,9988,8,14
28,9988,8,14
29,9988,7,15
30,9988,7,15
31,9988,5,17
32,9988,4,18
33,9988,4,18
34,9988,3,19
35,9988,3,19
36,9988,3,19
37,9988,3,19
38,9987,4,19
39,9987,4,19
40,9986,5,19
41,9986,5,19
42,9986,5,19
43,9986,4,20
44,9986,4,20
45,9986,3,21
46,9986,3,21
47,9986,3,21
48,9986,3,21
49,9986,2,22
50,9986,2,22
51,9986,2,22
52,9986,2,22
53,9986,2,22
54,9986,2,22
55,9986,2,22
56,9986,2,22
57,9986,1,23
58,9986,1,23
59,9986,1,23
60,9986,1,23
61,9986,1,23
62,9986,1,23
63,9986,1,23
64,9986,1,23
65,9986,1,23
66,9986,1,23
67,9986,1,23
68,9986,1,23
69,9986,1,23
70,9986,1,23
71,9986,1,23
72,9986,1,23
73,9986,1,23
74,9986,1,23
75,9986,1,23
76,9986,1,23
77,9986,1,23
78,9986,1,23
79,9986,0,24
0,10000,10,0
1,10000,10,0
2,10000,10,0
3,10000,10,0
4,10000,10,0
5,9999,10,1
6,9998,11,1
7,9998,10,2
8,9997,10,3
9,9997,9,4
10,9997,9,4
11,9997,9,4
12,9996,10,4
13,9995,10,5
14,9995,10,5
15,9995,10,5
16,9995,8,7
17,9994,8,8
18,9992,9,9
19,9992,8,10
20,9992,8,10
21,9992,8,10
22,9992,8,10
23,9992,7,11
24,9992,7,11
25,9992,7,11
26,9992,6,12
27,9992,6,12
28,9992,5,13
29,9992,4,14
30,9992,4,14
31,9992,4,14
32,9992,3,15
33,9992,2,16
34,9992,2,16
35,9992,2,16
36,9992,2,16
37,9992,2,16
38,9992,2,16
39,9992,2,16
40,9992,2,16
41,9992,2,16
42,9992,2,16
43,9992,2,16
44,9991,3,16
45,9991,3,16
46,9991,2,17
47,9990,3,17
48,9990,3,17
49,9990,3,17
50,9990,3,17
51,9990,3,17
52,9989,4,17
53,9989,4,17
54,9988,5,17
55,9988,5,17
56,9988,5,17
57,9988,5,17
58,9988,3,19
59,9988,2,20
60,9988,2,20
61,9988,2,20
62,9987,3,20
63,9987,3,20
64,9987,3,20
65,9987,3,20
66,9987,3,20
67,9986,4,20
68,9986,4,20
69,9986,4,20
70,9985,5,20
71,9985,5,20
72,9984,6,20
73,9984,6,20
74,9984,6,20
75,9984,6,20
76,9982,8,20
77,9980,10,20
78,9980,9,21
79,9980,9,21
80,9979,10,21
81,9978,10,22
82,9978,7,25
83,9978,7,25
84,9978,6,26
85,9977,5,28
86,9977,5,28
87,9977,5,28
88,9977,5,28
89,9976,5,29
90,9976,4,30
91,9976,3,31
92,9976,3,31
93,9976,3,31
94,9976,3,31
95,9976,3,31
96,9976,2,32
97,9976,2,32
98,9976,2,32
99,9976,2,32
100,9976,2,32
101,9976,2,32
102,9976,2,32
103,9976,2,32
104,9976,2,32
105,9976,2,32
106,9976,2,32
107,9976,2,32
108,9976,2,32
109,9976,1,33
110,9976,1,33
111,9976,1,33
112,9976,1,33
113,9975,1,34
114,9975,1,34
115,9974,2,34
116,9974,1,35
117,9974,1,35
118,9974,1,35
119,9974,1,35
120,9974,1,35
121,9974,1,35
122,9974,1,35
123,9974,1,35
124,9974,1,35
125,9974,1,35
126,9974,1,35
127,9974,1,35
128,9974,1,35
129,9974,1,35
130,9974,1,35
131,9974,1,35
132,9974,1,35
133,9974,1,35
134,9974,1,35
135,9974,1,35
136,9974,1,35
137,9974,1,35
138,9974,0,36
0,10000,10,0
1,10000,10,0
2,10000,10,0
3,10000,10,0
4,10000,9,1
5,10000,8,2
6,10000,8,2
7,10000,7,3
8,9999,7,4
9,9998,8,4
10,9997,8,5
11,9997,8,5
12,9997,8,5
13,9997,8,5
14,9997,8,5
15,9997,8,5
16,9997,8,5
17,9997,8,5
18,9996,9,5
19,9994,11,5
20,9994,10,6
21,9993,10,7
22,9993,10,7
23,9992,10,8
24,9992,10,8
25,9992,9,9
26,9992,8,10
27,9991,8,11
28,9991,5,14
29,9991,5,14
30,9991,5,14
31,9991,5,14
32,9991,4,15
33,9991,4,15
34,9991,4,15
35,9991,4,15
36,9991,4,15
37,9991,4,15
38,9991,4,15
39,9991,4,15
40,9991,3,16
41,9991,3,16
42,9991,3,16
43,9991,3,16
44,9991,3,16
45,9991,3,16
46,9991,3,16
47,9991,3,16
48,9991,3,16
49,9991,2,17
50,9991,2,17
51,9991,2,17
52,9991,2,17
53,9990,3,17
54,9990,2,18
55,9990,2,18
56,9989,3,18
57,9989,3,18
58,9989,3,18
59,9989,3,18
60,9989,3,18
61,9989,3,18
62,9989,3,18
63,9989,3,18
64,9989,3,18
65,9989,3,18
66,9989,3,18
67,9989,3,18
68,9989,3,18
69,9989,2,19
70,9988,3,19
71,9988,3,19
72,9988,3,19
73,9988,3,19
74,9988,3,19
75,9988,3,19
76,9988,3,19
77,9988,3,19
78,9988,3,19
79,9988,3,19
80,9988,3,19
81,9988,3,19
82,9987,4,19
83,9987,4,19
84,9986,4,20
85,9986,4,20
86,9986,3,21
87,9986,3,21
88,9986,3,21
89,9986,2,22
90,9986,2,22
91,9986,2,22
92,9986,2,22
93,9985,3,22
94,9985,3,22
95,9985,3,22
96,9985,3,22
97,9985,3,22
98,9985,3,22
99,9985,3,22
100,9985,3,22
101,9985,3,22
102,9985,3,22
103,9985,2,23
104,9985,2,23
105,9985,1,24
106,9985,1,24
107,9985,1,24
108,9985,1,24
109,9985,1,24
110,9985,1,24
111,9985,1,24
112,9985,0,25
0,10000,10,0
1,10000,10,0
2,10000,10,0
3,9999,11,0
4,9999,11,0
5,9999,10,1
6,9999,8,3
7,9999,8,3
8,9999,8,3
9,9999,8,3
10,9998,7,5
11,9998,7,5
12,9998,7,5
13,9998,6,6
14,9998,5,7
15,9998,4,8
16,9998,4,8
17,9998,4,8
18,9998,4,8
19,9998,3,9
20,9998,3,9
21,9998,3,9
22,9998,3,9
23,9998,2,10
24,9998,2,10
25,9998,2,10
26,9998,2,10
27,9998,2,10
28,9997,2,11
29,9997,2,11
30,9997,2,11
31,9997,1,12
32,9997,1,12
33,9997,1,12
34,9997,1,12
35,9997,0,13
0,10000,10,0
1,10000,10,0
2,9999,9,2
3,9999,8,3
4,9998,9,3
5,9997,10,3
6,9996,10,4
7,9996,10,4
8,9994,11,5
9,9993,11,6
10,9993,11,6
11,9993,9,8
12,9993,8,9
13,9993,6,11
14,9992,6,12
15,9992,6,12
16,9992,5,13
17,9992,5,13
18,9992,5,13
19,9992,5,13
20,9992,5,13
21,9992,5,13
22,9992,5,13
23,9992,5,13
24,9992,5,13
25,9991,6,13
26,9991,6,13
27,9989,8,13
28,9989,8,13
29,9989,8,13
30,9989,6,15
31,9988,5,17
32,9988,5,17
33,9988,4,18
34,9988,2,20
35,9988,2,20
36,9988,2,20
37,9988,2,20
38,9988,2,20
39,9988,2,20
40,9988,2,20
41,9988,2,20
42,9988,2,20
43,9988,2,20
44,9988,1,21
45,9988,1,21
46,9988,1,21
47,9988,1,21
48,9988,1,21
49,9988,1,21
50,9987,2,21
51,9987,2,21
52,9987,2,21
53,9987,2,21
54,9987,2,21
55,9987,2,21
56,9987,2,21
57,9987,2,21
58,9987,2,21
59,9987,2,21
60,9987,2,21
61,9986,2,22
62,9985,1,24
63,9985,1,24
64,9985,1,24
65,9985,1,24
66,9985,1,24
67,9985,1,24
68,9985,1,24
69,9985,1,24
70,9985,1,24
71,9985,1,24
72,9985,1,24
73,9985,1,24
74,9985,1,24
75,9985,1,24
76,9985,1,24
77,9985,1,24
78,9985,1,24
79,9985,1,24
80,9985,1,24
81,9985,1,24
82,9985,1,24
83,9985,1,24
84,9985,1,24
85,9985,0,25
0,10000,10,0
1,10000,10,0
2,9999,9,2
3,9999,8,3
4,9999,7,4
5,9999,7,4
6,9999,5,6
7,9999,5,6
8,9999,5,6
9,9999,4,7
10,9999,4,7
11,9999,4,7
12,9999,4,7
13,9999,4,7
14,9999,2,9
15,9999,2,9
16,9999,2,9
17,9999,2,9
18,9999,2,9
19,9999,2,9
20,9998,3,9
21,9998,3,9
22,9998,3,9
23,9998,2,10
24,9998,2,10
25,9998,2,10
26,9998,2,10
27,9998,2,10
28,9998,2,10
29,9997,3,10
30,9997,3,10
31,9997,2,11
32,9997,2,11
33,9997,2,11
34,9995,4,11
35,9995,3,12
36,9995,3,12
37,9994,4,12
38,9994,3,13
39,9994,3,13
40,9993,4,13
41,9993,4,13
42,9993,3,14
43,9993,3,14
44,9993,3,14
45,9993,3,14
46,9993,3,14
47,9993,3,14
48,9993,3,14
49,9993,2,15
50,9993,2,15
51,9993,2,15
52,9993,2,15
53,9993,2,15
54,9992,3,15
55,9992,1,17
56,9992,1,17
57,9992,1,17
58,9992,0,18
0,10000,10,0
1,10000,10,0
2,10000,10,0
3,10000,10,0
4,10000,10,0
5,10000,10,0
6,10000,10,0
7,10000,10,0
8,10000,9,1
9,10000,9,1
10,10000,9,1
11,9998,11,1
12,9998,11,1
13,9997,12,1
14,9997,11,2
15,9997,11,2
16,9997,11,2
17,9997,11,2
18,9996,12,2
19,9996,12,2
20,9996,9,5
21,9996,9,5
22,9995,10,5
23,9995,7,8
24,9995,7,8
25,9995,7,8
26,9994,8,8
27,9994,7,9
28,9994,7,9
29,9994,7,9
30,9994,7,9
31,9994,7,9
32,9994,6,10
33,9994,6,10
34,9994,4,12
35,9994,4,12
36,9993,3,14
37,9993,3,14
38,9993,3,14
39,9993,3,14
40,9993,3,14
41,9993,3,14
42,9993,2,15
43,9993,1,16
44,9993,1,16
45,9992,1,17
46,9992,0,18
0,10000,10,0
1,10000,10,0
2,9999,11,0
3,9999,10,1
4,9999,9,2
5,9999,9,2
6,9999,8,3
7,9999,8,3
8,9998,8,4
9,9996,10,4
10,9995,10,5
11,9995,10,5
12,9995,10,5
13,9994,10,6
14,9994,10,6
15,9994,9,7
16,9992,11,7
17,9992,11,7
18,9992,11,7
19,9992,11,7
20,9992,11,7
21,9992,10,8
22,9991,10,9
23,9991,9,10
24,9991,9,10
25,9991,8,11
26,9991,8,11
27,9991,8,11
28,9991,8,11
29,9990,9,11
30,9990,8,12
31,9988,9,13
32,9988,9,13
33,9988,9,13
34,9988,9,13
35,9988,8,14
36,9987,9,14
37,9987,9,14
38,9987,8,15
39,9986,8,16
40,9986,8,16
41,9986,8,16
42,9985,8,17
43,9984,8,18
44,9984,8,18
45,9983,8,19
46,9981,10,19
47,9981,9,20
48,9981,8,21
49,9981,8,21
50,9981,8,21
51,9981,8,21
52,9981,8,21
53,9981,6,23
54,9981,5,24
55,9981,5,24
56,9980,5,25
57,9980,4,26
58,9980,4,26
59,9980,4,26
60,9980,4,26
61,9980,3,27
62,9980,2,28
63,9980,2,28
64,9980,2,28
65,9979,3,28
66,9979,3,28
67,9979,2,29
68,9979,2,29
69,9979,2,29
70,9979,2,29
71,9979,2,29
72,9979,2,29
73,9979,2,29
74,9979,2,29
75,9979,2,29
76,9979,2,29
77,9979,2,29
78,9979,1,30
79,9979,1,30
80,9979,0,31
0,10000,10,0
1,10000,10,0
2,10000,10,0
3,9999,11,0
4,9999,11,0
5,9999,10,1
6,9999,9,2
7,9999,8,3
8,9999,8,3
9,9999,8,3
10,9999,8,3
11,9999,7,4
12,9997,8,5
13,9997,7,6
14,9997,7,6
15,9997,7,6
16,9997,7,6
17,9997,6,7
18,9997,5,8
19,9996,5,9
20,9996,5,9
21,9996,5,9
22,9995,5,10
23,9995,3,12
24,9995,2,13
25,9995,2,13
26,9995,2,13
27,9995,2,13
28,9995,2,13
29,9995,2,13
30,9995,2,13
31,9994,3,13
32,9993,4,13
33,9993,4,13
34,9992,5,13
35,9992,5,13
36,9991,6,13
37,9991,6,13
38,9991,5,14
39,9991,5,14
40,9991,4,15
41,9991,4,15
42,9991,4,15
43,9990,5,15
44,9990,5,15
45,9990,4,16
46,9990,3,17
47,9990,3,17
48,9990,3,17
49,9989,3,18
50,9989,3,18
51,9989,3,18
52,9989,3,18
53,9988,3,19
54,9988,3,19
55,9988,3,19
56,9988,3,19
57,9988,3,19
58,9987,4,19
59,9987,2,21
60,9987,1,22
61,9987,1,22
62,9987,1,22
63,9987,1,22
64,9987,1,22
65,9987,1,22
66,9987,1,22
67,9987,1,22
68,9987,1,22
69,9987,1,22
70,9987,1,22
71,9987,1,22
72,9987,1,22
73,9987,1,22
74,9987,1,22
75,9987,1,22
76,9987,1,22
77,9987,1,22
78,9987,1,22
79,9987,1,22
80,9987,1,22
81,9987,1,22
82,9987,1,22
83,9987,1,22
84,9987,1,22
85,9987,1,22
86,9987,1,22
87,9987,0,23
0,10000,10,0
1,10000,10,0
2,9998,9,3
3,9998,9,3
4,9997,8,5
5,9997,8,5
6,9997,8,5
7,9997,8,5
8,9997,6,7
9,9995,7,8
10,9995,7,8
11,9995,7,8
12,9995,6,9
13,9994,7,9
14,9994,7,9
15,9994,7,9
16,9994,7,9
17,9994,6,10
18,9994,6,10
19,9994,6,10
20,9994,5,11
21,9994,4,12
22,9994,4,12
23,9994,3,13
24,9994,3,13
25,9994,3,13
26,9994,3,13
27,9994,2,14
28,9994,2,14
29,9994,2,14
30,9994,2,14
31,9994,2,14
32,9994,1,15
33,9994,1,15
34,9994,1,15
35,9994,1,15
36,9994,1,15
37,9994,1,15
38,9994,1,15
39,9994,1,15
40,9994,1,15
41,9994,1,15
42,9994,1,15
43,9994,1,15
44,9994,1,15
45,9994,0,16
0,10000,10,0
1,10000,10,0
2,10000,10,0
3,10000,10,0
4,10000,10,0
5,9999,10,1
6,9999,10,1
7,9999,9,2
8,9999,8,3
9,9999,8,3
10,9999,8,3
11,9999,7,4
12,9998,8,4
13,9998,8,4
14,9998,8,4
15,9998,6,6
16,9998,6,6
17,9998,6,6
18,9998,6,6
19,9998,5,7
20,9998,5,7
21,9998,5,7
22,9997,6,7
23,9996,6,8
24,9995,6,9
25,9995,5,10
26,9995,5,10
27,9995,5,10
28,9995,5,10
29,9994,6,10
30,9994,6,10
31,9993,7,10
32,9993,7,10
33,9993,6,11
34,9992,6,12
35,9992,5,13
36,9992,5,13
37,9992,4,14
38,9992,4,14
39,9992,4,14
40,9992,4,14
41,9992,3,15
42,9992,3,15
43,9990,5,15
44,9990,5,15
45,9990,4,16
46,9990,4,16
47,9990,4,16
48,9990,4,16
49,9990,4,16
50,9990,4,16
51,9990,4,16
52,9990,4,16
53,9989,4,17
54,9989,4,17
55,9988,4,18
56,9988,4,18
57,9988,4,18
58,9988,3,19
59,9988,3,19
60,9987,3,20
61,9987,3,20
62,9987,3,20
63,9987,3,20
64,9987,3,20
65,9987,3,20
66,9987,3,20
67,9987,3,20
68,9987,2,21
69,9987,2,21
70,9987,2,21
71,9987,1,22
72,9987,1,22
73,9987,1,22
74,9987,1,22
75,9987,1,22
76,9987,1,22
77,9987,1,22
78,9987,1,22
79,9987,1,22
80,9987,1,22
81,9987,1,22
82,9987,1,22
83,9987,1,22
84,9987,1,22
85,9987,1,22
86,9987,1,22
87,9987,1,22
88,9987,1,22
89,9987,1,22
90,9987,1,22
91,9987,1,22
92,9987,1,22
93,9987,1,22
94,9987,0,23
0,10000,10,0
1,10000,10,0
2,10000,10,0
3,10000,10,0
4,10000,10,0
5,10000,9,1
6,10000,8,2
7,10000,8,2
8,10000,8,2
9,10000,7,3
10,10000,7,3
11,9999,6,5
12,9999,5,6
13,9999,3,8
14,9999,3,8
15,9999,3,8
16,9999,3,8
17,9999,3,8
18,9999,3,8
19,9998,4,8
20,9998,4,8
21,9998,4,8
22,9998,4,8
23,9998,4,8
24,9998,4,8
25,9997,5,8
26,9997,4,9
27,9997,3,10
28,9996,3,11
29,9996,3,11
30,9996,3,11
31,9996,3,11
32,9996,3,11
33,9996,3,11
34,9996,3,11
35,9996,3,11
36,9996,2,12
37,9996,1,13
38,9996,0,14
0,10000,10,0
1,10000,10,0
2,10000,10,0
3,10000,10,0
4,9999,11,0
5,9999,10,1
6,9998,11,1
7,9997,10,3
8,9996,11,3
9,9996,10,4
10,9995,9,6
11,9995,9,6
12,9995,8,7
13,9995,7,8
14,9995,5,10
15,9995,5,10
16,9994,5,11
17,9994,5,11
18,9994,5,11
19,9994,5,11
20,9993,4,13
21,9993,4,13
22,9993,4,13
23,9993,4,13
24,9993,4,13
25,9993,4,13
26,9993,4,13
27,9993,4,13
28,9993,4,13
29,9993,4,13
30,9993,4,13
31,9993,4,13
32,9993,4,13
33,9993,4,13
34,9993,4,13
35,9993,4,13
36,9993,4,13
37,9993,4,13
38,9993,4,13
39,9993,4,13
40,9993,3,14
41,9993,3,14
42,9993,3,14
43,9993,3,14
44,9992,4,14
45,9991,3,16
46,9991,3,16
47,9991,3,16
48,9991,3,16
49,9991,3,16
50,9991,1,18
51,9991,1,18
52,9990,2,18
53,9990,1,19
54,9989,1,20
55,9989,1,20
56,9989,1,20
57,9989,1,20
58,9989,0,21
0,10000,10,0
1,10000,10,0
2,10000,9,1
3,9999,10,1
4,9999,10,1
5,9999,10,1
6,9999,7,4
7,9999,7,4
8,9999,6,5
9,9999,5,6
10,9999,5,6
11,9999,5,6
12,9999,5,6
13,9999,4,7
14,9999,4,7
15,9999,4,7
16,9999,3,8
17,9999,2,9
18,9999,2,9
19,9999,2,9
20,9999,2,9
21,9999,2,9
22,9999,2,9
23,9999,2,9
24,9999,2,9
25,9999,2,9
26,9999,2,9
27,9999,2,9
28,9999,2,9
29,9999,2,9
30,9999,2,9
31,9999,2,9
32,9999,2,9
33,9999,2,9
34,9999,2,9
35,9999,2,9
36,9999,2,9
37,9999,2,9
38,9999,2,9
39,9999,2,9
40,9999,1,10
41,9999,1,10
42,9999,1,10
43,9999,1,10
44,9999,1,10
45,9999,1,10
46,9999,1,10
47,9999,1,10
48,9999,1,10
49,9999,1,10
50,9999,1,10
51,9999,1,10
52,9999,1,10
53,9999,1,10
54,9999,1,10
55,9999,1,10
56,9999,1,10
57,9999,1,10
58,9999,1,10
59,9999,1,10
60,9999,1,10
61,9999,1,10
62,9999,1,10
63,9999,1,10
64,9999,1,10
65,9999,1,10
66,9999,1,10
67,9999,1,10
68,9999,1,10
69,9999,1,10
70,9999,1,10
71,9999,1,10
72,9999,1,10
73,9999,1,10
74,9999,1,10
75,9998,2,10
76,9998,2,10
77,9998,2,10
78,9998,2,10
79,9998,1,11
80,9998,1,11
81,9998,1,11
82,9998,1,11
83,9998,1,11
84,9998,1,11
85,9998,1,11
86,9998,1,11
87,9998,1,11
88,9998,1,11
89,9998,1,11
90,9998,1,11
91,9998,1,11
92,9998,1,11
93,9998,1,11
94,9998,1,11
95,9998,1,11
96,9998,1,11
97,9998,1,11
98,9997,2,11
99,9997,2,11
100,9997,2,11
101,9997,2,11
102,9996,3,11
103,9996,3,11
104,9996,3,11
105,9996,3,11
106,9996,3,11
107,9996,2,12
108,9996,2,12
109,9996,2,12
110,9996,2,12
111,9996,2,12
112,9996,2,12
113,9996,2,12
114,9996,2,12
115,9996,2,12
116,9996,2,12
117,9996,2,12
118,9996,2,12
119,9996,2,12
120,9996,2,12
121,9996,2,12
122,9996,2,12
123,9996,2,12
124,9996,2,12
125,9996,2,12
126,9996,2,12
127,9996,2,12
128,9996,2,12
129,9996,2,12
130,9996,1,13
131,9996,1,13
132,9996,1,13
133,9996,1,13
134,9996,1,13
135,9996,1,13
136,9996,1,13
137,9996,1,13
138,9996,0,14
0,10000,10,0
1,10000,10,0
2,10000,8,2
3,10000,7,3
4,10000,6,4
5,9999,7,4
6,9999,7,4
7,9999,7,4
8,9999,7,4
9,9999,7,4
10,9996,10,4
11,9996,9,5
12,9996,9,5
13,9996,9,5
14,9996,7,7
15,9996,5,9
16,9996,4,10
17,9996,4,10
18,9996,4,10
19,9996,4,10
20,9995,4,11
21,9994,5,11
22,9994,5,11
23,9994,5,11
24,9994,5,11
25,9994,4,12
26,9993,4,13
27,9993,4,13
28,9993,4,13
29,9993,4,13
30,9993,3,14
31,9993,3,14
32,9993,3,14
33,9993,3,14
34,9993,3,14
35,9993,2,15
36,9993,1,16
37,9992,1,17
38,9992,1,17
39,9992,1,17
40,9992,1,17
41,9992,1,17
42,9992,1,17
43,9992,1,17
44,9992,1,17
45,9992,1,17
46,9992,0,18
0,10000,10,0
1,10000,10,0
2,9997,12,1
3,9995,13,2
4,9994,13,3
5,9992,15,3
6,9992,15,3
7,9991,16,3
8,9991,15,4
9,9991,15,4
10,9991,14,5
11,9990,14,6
12,9990,13,7
13,9989,12,9
14,9989,12,9
15,9989,11,10
16,9989,11,10
17,9989,11,10
18,9989,10,11
19,9989,9,12
20,9988,10,12
21,9987,10,13
22,9987,10,13
23,9986,9,15
24,9986,8,16
25,9986,7,17
26,9984,8,18
27,9984,8,18
28,9984,7,19
29,9984,7,19
30,9984,5,21
31,9984,4,22
32,9984,4,22
33,9984,3,23
34,9984,3,23
35,9984,3,23
36,9984,3,23
37,9984,3,23
38,9984,3,23
39,9984,3,23
40,9984,2,24
41,9984,2,24
42,9984,2,24
43,9984,1,25
44,9984,1,25
45,9984,1,25
46,9984,1,25
47,9984,0,26
0,10000,10,0
1,10000,10,0
2,10000,10,0
3,9999,11,0
4,9999,10,1
5,9997,12,1
6,9996,12,2
7,9995,11,4
8,9995,10,5
9,9995,9,6
10,9994,9,7
11,9994,8,8
12,9994,8,8
13,9994,8,8
14,9994,8,8
15,9994,5,11
16,9994,3,13
17,9993,4,13
18,9993,3,14
19,9993,2,15
20,9993,2,15
21,9993,2,15
22,9992,3,15
23,9992,3,15
24,9992,3,15
25,9992,3,15
26,9992,2,16
27,9992,1,17
28,9992,1,17
29,9992,1,17
30,9991,2,17
31,9991,2,17
32,9991,2,17
33,9991,2,17
34,9991,1,18
35,9991,1,18
36,9991,1,18
37,9991,1,18
38,9991,1,18
39,9991,1,18
40,9991,1,18
41,9991,1,18
42,9991,1,18
43,9991,1,18
44,9991,1,18
45,9991,1,18
46,9990,2,18
47,9990,1,19
48,9990,1,19
49,9990,1,19
50,9990,0,20
0,10000,10,0
1,10000,10,0
2,10000,9,1
3,10000,8,2
4,10000,7,3
5,10000,6,4
6,10000,6,4
7,10000,6,4
8,10000,6,4
9,10000,6,4
10,10000,6,4
11,10000,6,4
12,10000,6,4
13,10000,6,4
14,9999,7,4
15,9995,10,5
16,9995,9,6
17,9995,8,7
18,9994,8,8
19,9994,7,9
20,9993,7,10
21,9993,7,10
22,9993,7,10
23,9993,6,11
24,9993,5,12
25,9993,5,12
26,9993,4,13
27,9993,2,15
28,9993,2,15
29,9993,2,15
30,9992,3,15
31,9992,3,15
32,9992,2,16
33,9992,2,16
34,9992,0,18
0,10000,10,0
1,10000,10,0
2,9999,10,1
3,9999,9,2
4,9999,8,3
5,9999,7,4
6,9999,6,5
7,9998,7,5
8,9998,7,5
9,9998,7,5
10,9998,3,9
11,9998,3,9
12,9998,3,9
13,9998,3,9
14,9998,1,11
15,9998,1,11
16,9998,1,11
17,9998,1,11
18,9998,1,11
19,9998,1,11
20,9998,1,11
21,9998,1,11
22,9998,1,11
23,9998,1,11
24,9998,1,11
25,9998,1,11
26,9998,1,11
27,9998,1,11
28,9998,1,11
29,9998,0,12
0,10000,10,0
1,10000,10,0
2,10000,9,1
3,10000,8,2
4,10000,8,2
5,10000,7,3
6,9999,6,5
7,9998,7,5
8,9998,6,6
9,9998,5,7
10,9997,5,8
11,9997,5,8
12,9997,4,9
13,9997,3,10
14,9997,3,10
15,9997,3,10
16,9997,3,10
17,9997,2,11
18,9997,2,11
19,9996,3,11
20,9996,3,11
21,9996,3,11
22,9996,3,11
23,9996,2,12
24,9996,2,12
25,9996,2,12
26,9996,2,12
27,9996,2,12
28,9996,2,12
29,9996,2,12
30,9996,2,12
31,9996,1,13
32,9996,1,13
33,9996,1,13
34,9996,1,13
35,9996,1,13
36,9996,1,13
37,9996,1,13
38,9996,0,14
0,10000,10,0
1,10000,10,0
2,9999,9,2
3,9999,8,3
4,9998,7,5
5,9996,9,5
6,9994,10,6
7,9994,9,7
8,9993,10,7
9,9992,10,8
10,9992,10,8
11,9991,10,9
12,9991,10,9
13,9990,10,10
14,9990,9,11
15,9990,8,12
16,9989,8,13
17,9989,7,14
18,9989,4,17
19,9989,4,17
20,9989,4,17
21,9989,4,17
22,9989,3,18
23,9988,4,18
24,9988,4,18
25,9988,4,18
26,9988,3,19
27,9988,3,19
28,9988,3,19
29,9988,3,19
30,9988,3,19
31,9988,3,19
32,9988,3,19
33,9988,2,20
34,9988,2,20
35,9988,2,20
36,9988,2,20
37,9988,2,20
38,9988,2,20
39,9988,2,20
40,9988,2,20
41,9988,2,20
42,9988,1,21
43,9988,1,21
44,9988,1,21
45,9988,1,21
46,9988,1,21
47,9987,2,21
48,9987,2,21
49,9987,2,21
50,9987,1,22
51,9987,1,22
52,9987,1,22
53,9987,1,22
54,9987,1,22
55,9987,1,22
56,9987,1,22
57,9987,1,22
58,9987,1,22
59,9987,1,22
60,9987,1,22
61,9987,1,22
62,9987,1,22
63,9987,1,22
64,9987,1,22
65,9987,1,22
66,9987,1,22
67,9987,1,22
68,9987,1,22
69,9987,1,22
70,9987,1,22
71,9987,1,22
72,9987,1,22
73,9987,1,22
74,9987,1,22
75,9987,0,23
0,10000,10,0
1,10000,10,0
2,10000,10,0
3,10000,9,1
4,9999,10,1
5,9999,9,2
6,9999,8,3
7,9999,7,4
8,9999,7,4
9,9999,7,4
10,9999,7,4
11,9999,7,4
12,9997,9,4
13,9996,10,4
14,9994,11,5
15,9994,10,6
16,9993,9,8
17,9993,8,9
18,9993,7,10
19,9993,7,10
20,9993,5,12
21,9993,5,12
22,9993,4,13
23,9993,4,13
24,9993,4,13
25,9993,3,14
26,9993,3,14
27,9993,3,14
28,9993,3,14
29,9993,3,14
30,9993,3,14
31,9993,3,14
32,9992,4,14
33,9992,4,14
34,9992,3,15
35,9992,3,15
36,9992,3,15
37,9992,3,15
38,9992,3,15
39,9991,4,15
40,9990,5,15
41,9990,5,15
42,9990,5,15
43,9990,3,17
44,9990,3,17
45,9990,3,17
46,9990,3,17
47,9990,3,17
48,9990,3,17
49,9990,3,17
50,9990,3,17
51,9989,3,18
52,9989,3,18
53,9989,3,18
54,9989,3,18
55,9989,3,18
56,9989,3,18
57,9989,3,18
58,9989,3,18
59,9988,4,18
60,9988,3,19
61,9988,3,19
62,9988,2,20
63,9988,2,20
64,9988,2,20
65,9988,2,20
66,9988,2,20
67,9988,2,20
68,9988,2,20
69,9987,3,20
70,9987,2,21
71,9987,2,21
72,9987,2,21
73,9986,3,21
74,9986,3,21
75,9986,3,21
76,9986,3,21
77,9986,3,21
78,9986,3,21
79,9986,3,21
80,9986,3,21
81,9986,3,21
82,9986,3,21
83,9985,3,22
84,9985,3,22
85,9985,3,22
86,9985,3,22
87,9985,3,22
88,9985,3,22
89,9985,3,22
90,9985,1,24
91,9985,1,24
92,9985,1,24
93,9985,1,24
94,9985,1,24
95,9985,1,24
96,9985,1,24
97,9985,1,24
98,9985,1,24
99,9985,1,24
100,9985,1,24
101,9985,1,24
102,9985,1,24
103,9985,1,24
104,9985,0,25
0,10000,10,0
1,10000,10,0
2,9998,12,0
3,9998,12,0
4,9998,12,0
5,9998,11,1
6,9998,11,1
7,9998,11,1
8,9998,11,1
9,9998,10,2
10,9998,8,4
11,9997,7,6
12,9997,7,6
13,9997,6,7
14,9997,6,7
15,9997,6,7
16,9997,6,7
17,9997,5,8
18,9997,4,9
19,9997,3,10
20,9997,3,10
21,9997,3,10
22,9997,3,10
23,9996,4,10
24,9996,4,10
25,9995,5,10
26,9994,5,11
27,9994,5,11
28,9994,5,11
29,9994,4,12
30,9994,4,12
31,9994,4,12
32,9994,4,12
33,9994,4,12
34,9994,4,12
35,9994,3,13
36,9994,3,13
37,9994,3,13
38,9994,3,13
39,9994,3,13
40,9994,3,13
41,9994,1,15
42,9994,1,15
43,9994,1,15
44,9994,1,15
45,9994,1,15
46,9994,1,15
47,9994,1,15
48,9994,1,15
49,9994,1,15
50,9994,0,16
0,10000,10,0
1,10000,10,0
2,10000,9,1
3,10000,9,1
4,10000,9,1
5,10000,8,2
6,9999,8,3
7,9999,8,3
8,9999,8,3
9,9998,9,3
10,9997,9,4
11,9996,9,5
12,9996,8,6
13,9996,8,6
14,9996,8,6
15,9996,8,6
16,9996,7,7
17,9995,7,8
18,9995,7,8
19,9995,6,9
20,9995,6,9
21,9994,6,10
22,9994,6,10
23,9994,6,10
24,9993,6,11
25,9993,5,12
26,9993,4,13
27,9993,4,13
28,9992,5,13
29,9992,5,13
30,9992,5,13
31,9991,4,15
32,9991,2,17
33,9991,2,17
34,9991,1,18
35,9991,0,19
0,10000,10,0
1,10000,10,0
2,10000,8,2
3,10000,7,3
4,10000,6,4
5,9999,5,6
6,9999,3,8
7,9999,3,8
8,9998,4,8
9,9998,4,8
10,9998,3,9
11,9998,3,9
12,9998,2,10
13,9998,2,10
14,9998,2,10
15,9998,2,10
16,9998,2,10
17,9998,2,10
18,9998,1,11
19,9998,1,11
20,9998,1,11
21,9998,1,11
22,9998,1,11
23,9998,1,11
24,9998,1,11
25,9997,2,11
26,9997,2,11
27,9997,2,11
28,9997,2,11
29,9997,2,11
30,9997,2,11
31,9997,2,11
32,9997,2,11
33,9997,1,12
34,9997,1,12
35,9997,1,12
36,9997,1,12
37,9997,1,12
38,9997,1,12
39,9997,1,12
40,9997,1,12
41,9997,1,12
42,9997,1,12
43,9997,1,12
44,9997,0,13
0,10000,10,0
1,10000,10,0
2,10000,10,0
3,10000,9,1
4,10000,9,1
5,9999,10,1
6,9999,10,1
7,9999,10,1
8,9999,10,1
9,9998,9,3
10,9998,9,3
11,9997,9,4
12,9997,9,4
13,9997,9,4
14,9997,7,6
15,9997,7,6
16,9997,7,6
17,9997,7,6
18,9997,7,6
19,9997,6,7
20,9997,6,7
21,9997,5,8
22,9997,5,8
23,9997,4,9
24,9997,4,9
25,9997,4,9
26,9997,4,9
27,9997,4,9
28,9997,4,9
29,9997,3,10
30,9997,3,10
31,9997,3,10
32,9997,2,11
33,9997,2,11
34,9997,2,11
35,9997,2,11
36,9996,2,12
37,9996,1,13
38,9996,1,13
39,9996,1,13
40,9996,1,13
41,9996,1,13
42,9996,1,13
43,9996,1,13
44,9996,1,13
45,9996,0,14
0,10000,10,0
1,10000,10,0
2,10000,10,0
3,9998,10,2
4,9998,10,2
5,9998,10,2
6,9998,10,2
7,9998,10,2
8,9998,10,2
9,9998,10,2
10,9998,9,3
11,9998,7,5
12,9998,7,5
13,9998,7,5
14,9998,7,5
15,9998,7,5
16,9996,9,5
17,9996,9,5
18,9996,9,5
19,9996,8,6
20,9996,6,8
21,9996,5,9
22,9995,6,9
23,9995,5,10
24,9995,5,10
25,9994,6,10
26,9993,7,10
27,9993,7,10
28,9992,7,11
29,9991,8,11
30,9991,7,12
31,9991,7,12
32,9991,7,12
33,9991,6,13
34,9990,7,13
35,9990,7,13
36,9990,7,13
37,9990,7,13
38,9990,7,13
39,9990,7,13
40,9990,7,13
41,9990,6,14
42,9990,6,14
43,9990,5,15
44,9990,5,15
45,9990,4,16
46,9990,4,16
47,9990,4,16
48,9990,3,17
49,9990,3,17
50,9990,3,17
51,9990,3,17
52,9989,4,17
53,9989,4,17
54,9989,4,17
55,9989,4,17
56,9989,4,17
57,9989,4,17
58,9989,4,17
59,9989,4,17
60,9989,4,17
61,9989,4,17
62,9989,4,17
63,9989,4,17
64,9989,3,18
65,9989,2,19
66,9989,2,19
67,9988,3,19
68,9988,3,19
69,9988,3,19
70,9988,3,19
71,9988,3,19
72,9986,5,19
73,9986,3,21
74,9986,3,21
75,9986,3,21
76,9986,2,22
77,9986,2,22
78,9986,2,22
79,9986,2,22
80,9986,1,23
81,9986,1,23
82,9986,1,23
83,9986,1,23
84,9986,1,23
85,9986,0,24
0,10000,10,0
1,10000,10,0
2,10000,10,0
3,10000,10,0
4,10000,10,0
5,10000,10,0
6,9999,10,1
7,9997,12,1
8,9997,10,3
9,9996,9,5
10,9995,9,6
11,9995,9,6
12,9995,9,6
13,9995,9,6
14,9995,8,7
15,9995,7,8
16,9994,6,10
17,9994,6,10
18,9993,6,11
19,9993,6,11
20,9993,5,12
21,9993,5,12
22,9992,6,12
23,9991,7,12
24,9991,6,13
25,9991,5,14
26,9991,5,14
27,9991,5,14
28,9991,5,14
29,9991,5,14
30,9991,4,15
31,9991,4,15
32,9991,2,17
33,9990,2,18
34,9990,2,18
35,9990,2,18
36,9990,2,18
37,9990,2,18
38,9990,2,18
39,9990,2,18
40,9990,2,18
41,9990,1,19
42,9990,1,19
43,9990,1,19
44,9990,1,19
45,9990,1,19
46,9990,0,20
0,10000,10,0
1,10000,10,0
2,10000,10,0
3,9999,10,1
4,9999,9,2
5,9999,8,3
6,9999,6,5
7,9999,6,5
8,9999,6,5
9,9998,6,6
10,9997,6,7
11,9997,6,7
12,9997,6,7
13,9997,6,7
14,9997,4,9
15,9997,4,9
16,9997,4,9
17,9997,4,9
18,9997,4,9
19,9997,4,9
20,9997,4,9
21,9997,4,9
22,9997,4,9
23,9997,4,9
24,9997,3,10
25,9996,3,11
26,9996,2,12
27,9996,2,12
28,9996,2,12
29,9996,1,13
30,9996,1,13
31,9996,1,13
32,9996,1,13
33,9996,1,13
34,9996,1,13
35,9996,1,13
36,9996,1,13
37,9996,1,13
38,9996,0,14
0,10000,10,0
1,10000,10,0
2,10000,9,1
3,10000,6,4
4,10000,6,4
5,9998,7,5
6,9997,7,6
7,9997,7,6
8,9996,8,6
9,9995,8,7
10,9995,7,8
11,9995,7,8
12,9995,7,8
13,9995,4,11
14,9995,3,12
15,9995,3,12
16,9995,3,12
17,9995,3,12
18,9995,3,12
19,9995,3,12
20,9995,3,12
21,9995,3,12
22,9995,3,12
23,9995,2,13
24,9995,2,13
25,9995,2,13
26,9995,1,14
27,9995,1,14
28,9995,1,14
29,9995,1,14
30,9995,1,14
31,9995,1,14
32,9995,1,14
33,9995,0,15


